0.3723887 0.2281804 0.9484826
-0.1950607 0.4220770 0.9676077
0.1625506 0.7013804 0.9763735

0.3723887 0.2281804 0.9484826
0.7105784 0.6288340 0.9638510
0.1625506 0.7013804 0.9763735

-0.1950607 0.4220770 0.9676077
-0.0557316 0.0303267 0.9826347
0.1950607 0.2887731 0.9873306

-0.1950607 0.4220770 0.9676077
0.1625506 0.7013804 0.9763735
0.1950607 0.2887731 0.9873306

-0.0557316 0.0303267 0.9826347
0.3442248 -0.1873123 0.9737953
0.5851822 0.1554692 0.9807563

-0.0557316 0.0303267 0.9826347
0.1950607 0.2887731 0.9873306
0.5851822 0.1554692 0.9807563

0.3442248 -0.1873123 0.9737953
0.3723887 0.2281804 0.9484826
0.7105784 0.6288340 0.9638510

0.3442248 -0.1873123 0.9737953
0.5851822 0.1554692 0.9807563
0.7105784 0.6288340 0.9638510

0.3442248 -0.1873123 0.9737953
-0.0557316 0.0303267 0.9826347
-0.1950607 0.4220770 0.9676077

0.3442248 -0.1873123 0.9737953
0.3723887 0.2281804 0.9484826
-0.1950607 0.4220770 0.9676077

0.7105784 0.6288340 0.9638510
0.1625506 0.7013804 0.9763735
0.1950607 0.2887731 0.9873306

0.7105784 0.6288340 0.9638510
0.5851822 0.1554692 0.9807563
0.1950607 0.2887731 0.9873306

0.5617749 0.4525464 0.9570889
0.0000000 0.5744243 0.9723890
-0.1008935 -0.1085119 0.9657942

0.5617749 0.4525464 0.9570889
0.4744721 -0.0020250 0.9775580
-0.1008935 -0.1085119 0.9657942

0.0000000 0.5744243 0.9723890
0.0780243 0.1681648 0.9851392
-0.1008935 -0.1085119 0.9657942

0.4744721 -0.0020250 0.9775580
0.0780243 0.1681648 0.9851392
-0.1008935 -0.1085119 0.9657942

