10.0000000 10.0000000 1000.0000000
10.0000000 -10.0000000 1000.0000000
-10.0000000 -10.0000000 10.0000000

10.0000000 10.0000000 10.0000000
-10.0000000 10.0000000 10.0000000
-10.0000000 -10.0000000 10.0000000

10.0000000 -10.0000000 10.0000000
10.0000000 -10.0000000 -10.0000000
-10.0000000 -10.0000000 -10.0000000

10.0000000 -10.0000000 10.0000000
-10.0000000 -10.0000000 10.0000000
-10.0000000 -10.0000000 -10.0000000

10.0000000 -10.0000000 -10.0000000
10.0000000 10.0000000 -10.0000000
-10.0000000 10.0000000 -10.0000000

10.0000000 -10.0000000 -10.0000000
-10.0000000 -10.0000000 -10.0000000
-10.0000000 10.0000000 -10.0000000

10.0000000 10.0000000 -10.0000000
10.0000000 10.0000000 10.0000000
-10.0000000 10.0000000 10.0000000

10.0000000 10.0000000 -10.0000000
-10.0000000 10.0000000 -10.0000000
-10.0000000 10.0000000 10.0000000

10.0000000 10.0000000 -10.0000000
10.0000000 -10.0000000 -10.0000000
10.0000000 -10.0000000 10.0000000

10.0000000 10.0000000 -10.0000000
10.0000000 10.0000000 10.0000000
10.0000000 -10.0000000 10.0000000

-10.0000000 10.0000000 10.0000000
-10.0000000 -10.0000000 10.0000000
-10.0000000 -10.0000000 -10.0000000

-10.0000000 10.0000000 10.0000000
-10.0000000 10.0000000 -10.0000000
-10.0000000 -10.0000000 -10.0000000

0.0000000 10.0000000 10.0000000
0.0000000 -10.0000000 10.0000000
20.0000000 0.0000000 0.0000000

0.0000000 10.0000000 10.0000000
0.0000000 10.0000000 -10.0000000
20.0000000 0.0000000 0.0000000

0.0000000 -10.0000000 10.0000000
0.0000000 -10.0000000 -10.0000000
20.0000000 0.0000000 0.0000000

0.0000000 10.0000000 -10.0000000
0.0000000 -10.0000000 -10.0000000
20.0000000 0.0000000 0.0000000

